6.17129e-05 -0.000187638 0.000203158 0.00059616 0.000814949 -0.000964596 0.00152051 0.00178756 -0.00214292 0.00295688 -0.00332255 0.00782787 0.00892169 -0.0114507 0.0123777 -0.0129192 -0.0213176 
-0.000187638 0.000570516 -0.000617702 -0.00181263 -0.00247786 0.00293286 -0.00462311 -0.0054351 0.00651556 -0.00899042 0.0101022 -0.0238007 -0.0271265 0.0348159 -0.0376346 0.039281 0.0648163 
0.000203158 -0.000617702 0.000668792 0.00196255 0.0026828 -0.00317543 0.00500548 0.00588463 -0.00705446 0.009734 -0.0109378 0.0257692 0.0293701 -0.0376955 0.0407473 -0.0425299 -0.0701772 
0.00059616 -0.00181263 0.00196255 0.00575903 0.00787259 -0.0093182 0.0146884 0.0172683 -0.0207011 0.0285641 -0.0320965 0.0756189 0.0861855 -0.110616 0.119572 -0.124803 -0.205933 
0.000814949 -0.00247786 0.0026828 0.00787259 0.0107618 -0.012738 0.020079 0.0236057 -0.0282983 0.0390471 -0.0438759 0.103371 0.117815 -0.151212 0.163454 -0.170605 -0.28151 
-0.000964596 0.00293286 -0.00317543 -0.0093182 -0.012738 0.015077 -0.0237661 -0.0279403 0.0334947 -0.0462172 0.0519327 -0.122353 -0.139449 0.178979 -0.193469 0.201932 0.333202 
0.00152051 -0.00462311 0.00500548 0.0146884 0.020079 -0.0237661 0.0374628 0.0440427 -0.0527981 0.0728528 -0.0818622 0.192866 0.219816 -0.282126 0.304967 -0.318309 -0.525231 
0.00178756 -0.0054351 0.00588463 0.0172683 0.0236057 -0.0279403 0.0440427 0.0517783 -0.0620715 0.0856485 -0.0962403 0.226741 0.258424 -0.331679 0.358531 -0.374216 -0.617482 
-0.00214292 0.00651556 -0.00705446 -0.0207011 -0.0282983 0.0334947 -0.0527981 -0.0620715 0.0744109 -0.102675 0.115372 -0.271815 -0.309797 0.397614 -0.429805 0.448608 0.740234 
0.00295688 -0.00899042 0.009734 0.0285641 0.0390471 -0.0462172 0.0728528 0.0856485 -0.102675 0.141675 -0.159195 0.375061 0.42747 -0.548643 0.593061 -0.619006 -1.0214 
-0.00332255 0.0101022 -0.0109378 -0.0320965 -0.0438759 0.0519327 -0.0818622 -0.0962403 0.115372 -0.159195 0.178882 -0.421443 -0.480333 0.616492 -0.666403 0.695556 1.14771 
0.00782787 -0.0238007 0.0257692 0.0756189 0.103371 -0.122353 0.192866 0.226741 -0.271815 0.375061 -0.421443 0.992912 1.13166 -1.45244 1.57003 -1.63872 -2.704 
0.00892169 -0.0271265 0.0293701 0.0861855 0.117815 -0.139449 0.219816 0.258424 -0.309797 0.42747 -0.480333 1.13166 1.28979 -1.6554 1.78942 -1.8677 -3.08184 
-0.0114507 0.0348159 -0.0376955 -0.110616 -0.151212 0.178979 -0.282126 -0.331679 0.397614 -0.548643 0.616492 -1.45244 -1.6554 2.12465 -2.29666 2.39713 3.95543 
0.0123777 -0.0376346 0.0407473 0.119572 0.163454 -0.193469 0.304967 0.358531 -0.429805 0.593061 -0.666403 1.57003 1.78942 -2.29666 2.4826 -2.59121 -4.27567 
-0.0129192 0.039281 -0.0425299 -0.124803 -0.170605 0.201932 -0.318309 -0.374216 0.448608 -0.619006 0.695556 -1.63872 -1.8677 2.39713 -2.59121 2.70457 4.46272 
-0.0213176 0.0648163 -0.0701772 -0.205933 -0.28151 0.333202 -0.525231 -0.617482 0.740234 -1.0214 1.14771 -2.704 -3.08184 3.95543 -4.27567 4.46272 7.36378 
